Genome ID	AAA	AAC	AAG	AAT	ACA	ACC	ACG	ACT	AGA	AGC	AGG	AGT	ATA	ATC	ATG	ATT	CAA	CAC	CAG	CAT	CCA	CCC	CCG	CCT	CGA	CGC	CGG	CGT	CTA	CTC	CTG	CTT	GAA	GAC	GAG	GAT	GCA	GCC	GCG	GCT	GGA	GGC	GGG	GGT	GTA	GTC	GTG	GTT	TAA	TAC	TAG	TAT	TCA	TCC	TCG	TCT	TGA	TGC	TGG	TGT	TTA	TTC	TTG	TTT
Prochlorococcus_sp_W6_genomic	5.416114	1.583340	2.161298	4.393573	1.210514	0.867327	0.272210	1.574760	2.391389	1.086499	1.072459	1.488963	2.870291	1.826691	1.533422	4.514468	2.367990	0.586538	0.933625	1.624678	1.233133	0.544419	0.212152	1.077139	0.427424	0.264410	0.202012	0.269090	1.459325	1.010062	0.944544	2.460027	2.274394	0.589658	0.985883	1.969425	1.127057	0.528040	0.246471	0.988222	1.202714	0.516340	0.531160	0.875127	1.122377	0.563139	0.552999	1.623118	3.480228	1.079479	1.389127	2.824273	1.960066	1.231573	0.473442	2.289213	1.985025	1.095858	1.267452	1.153576	3.684580	2.359410	2.286873	5.863817
Prochlorococcus_sp_W7_genomic	5.703953	1.515573	2.161648	4.637217	1.239111	0.852924	0.254916	1.518225	2.247172	1.048835	1.066736	1.427397	3.106727	2.014135	1.563639	4.556002	2.267393	0.561876	0.961985	1.624965	1.223862	0.548285	0.212817	1.133365	0.418009	0.270828	0.214806	0.248286	1.486402	1.047841	0.950383	2.291592	2.194797	0.519114	0.960990	1.954798	1.116791	0.508506	0.268176	1.065410	1.151266	0.476020	0.491932	0.830715	1.106183	0.492595	0.527069	1.484082	3.877441	1.115465	1.403530	3.150152	2.009494	1.164194	0.420993	2.292255	1.929936	1.135686	1.163199	1.126735	3.797552	2.215349	2.166620	5.506053
Prochlorococcus_sp_W3_genomic	5.175087	1.445693	2.191572	4.499189	1.104644	0.791057	0.245378	1.488214	2.087929	0.979741	1.051494	1.446579	3.000345	1.942651	1.558195	4.447811	2.328878	0.582884	1.075412	1.778770	1.153366	0.546564	0.243606	1.179055	0.434062	0.263095	0.221460	0.247150	1.582999	1.150708	1.052380	2.354567	2.082614	0.519103	1.005430	1.945308	1.122361	0.488985	0.270182	1.032891	1.094014	0.453551	0.484555	0.782198	1.145393	0.527962	0.536820	1.493529	4.004004	1.129448	1.656524	3.242180	1.813318	1.190571	0.419889	2.234092	1.942651	1.037321	1.183484	1.144507	3.930479	2.245608	2.374941	5.815550
Prochlorococcus_sp_W9_genomic	5.547256	1.627510	2.359424	4.584474	1.081433	0.869864	0.250166	1.436669	2.124268	1.083577	1.056416	1.478840	3.107779	2.154288	1.581765	4.538015	2.204321	0.551795	0.944199	1.636802	1.117171	0.516057	0.215858	1.037118	0.406699	0.275183	0.234441	0.265176	1.499568	1.095728	0.952776	2.252925	2.002759	0.530352	1.043550	1.880535	0.985655	0.470312	0.254455	0.955635	1.118600	0.498188	0.532497	0.855568	1.087151	0.526779	0.608976	1.463115	3.954055	1.172207	1.630369	3.200698	1.803341	1.236536	0.403125	2.159292	1.919132	1.120744	1.293002	1.156483	3.717469	2.317254	2.332264	5.682346
Prochlorococcus_sp_W11_genomic	5.708806	1.451663	2.390998	4.619178	1.241879	0.761252	0.265753	1.409393	2.338160	1.013699	1.112329	1.425049	3.146771	1.946380	1.661840	4.500587	2.356556	0.570646	1.032485	1.594912	1.169863	0.470841	0.192172	1.003131	0.459100	0.253229	0.215264	0.260665	1.504892	0.991389	1.012524	2.151468	2.255186	0.545597	1.070059	1.979256	1.073581	0.467319	0.260665	1.030528	1.184344	0.491977	0.513112	0.847750	1.172211	0.538552	0.564384	1.538943	3.880235	1.182779	1.551859	3.130333	1.936204	1.046967	0.418004	2.178865	1.990215	1.033659	1.238748	1.183562	3.863014	2.092368	2.248924	5.257926
Prochlorococcus_sp_W8_genomic	5.406600	1.530230	2.351486	4.413180	1.207645	0.869376	0.268762	1.446109	2.261661	1.096433	1.146336	1.457515	2.882950	2.084150	1.597599	4.429577	2.322257	0.551425	1.026213	1.602233	1.206219	0.515780	0.204601	1.096077	0.416687	0.287653	0.235968	0.281237	1.456446	1.045105	1.021223	2.193936	2.107676	0.548217	1.054729	1.932660	1.122098	0.507225	0.295852	1.062214	1.183050	0.530751	0.518275	0.819473	1.126375	0.553207	0.562118	1.507774	3.818269	1.165228	1.569796	2.993805	1.949413	1.188040	0.412767	2.148667	2.063120	1.193031	1.334897	1.212279	3.597627	2.201065	2.338654	5.468978
Prochlorococcus_sp_W2_genomic	5.849610	1.550753	2.300903	4.749137	1.269121	0.864082	0.274526	1.469745	2.423126	1.049310	1.079866	1.461692	3.126377	2.002454	1.590309	4.606781	2.280533	0.553079	0.964750	1.552885	1.230986	0.497890	0.205835	1.055943	0.431331	0.251787	0.208441	0.255103	1.472114	0.998621	0.933010	2.225344	2.285270	0.565159	0.998858	1.934237	1.081998	0.482020	0.244918	1.000516	1.185508	0.473729	0.487231	0.798234	1.131739	0.509496	0.507364	1.421899	3.940244	1.153294	1.450559	3.088005	2.019982	1.142398	0.400064	2.150257	1.964082	1.070865	1.196640	1.181007	3.768280	2.154284	2.145994	5.280424
Prochlorococcus_sp_W4_genomic	5.696309	1.479841	2.243870	4.784100	1.218762	0.870264	0.261079	1.477489	2.304240	1.045101	1.040789	1.505322	3.174504	1.999647	1.522178	4.853486	2.158804	0.538623	0.918481	1.570395	1.145456	0.449636	0.187773	1.025892	0.412787	0.261471	0.195221	0.247751	1.416727	1.024716	0.883984	2.140771	2.174092	0.498246	0.931418	1.871852	1.027852	0.491582	0.253239	0.968659	1.090574	0.484525	0.473157	0.797350	1.097238	0.497854	0.497462	1.454752	4.042416	1.192497	1.494737	3.293283	1.925949	1.191713	0.404555	2.265431	2.009839	1.101942	1.184657	1.250123	3.824850	2.261510	2.127835	5.763343
Prochlorococcus_sp_W10_genomic	5.340766	1.474549	2.158112	4.604293	1.173654	0.812900	0.253330	1.529063	2.215833	0.986062	1.015456	1.377814	3.025525	1.986019	1.534408	4.615516	2.265536	0.599119	1.003164	1.659469	1.312076	0.505056	0.188661	1.118605	0.401907	0.272570	0.225004	0.245313	1.530132	1.082263	1.004767	2.311499	2.128183	0.545140	0.999957	1.909592	1.073177	0.475127	0.244778	1.116467	1.166706	0.515745	0.469248	0.847639	1.162430	0.543536	0.576138	1.534408	3.791393	1.153879	1.477222	3.044766	2.068324	1.197170	0.392287	2.248434	1.930970	1.051265	1.182739	1.165103	3.916989	2.274088	2.282104	5.686555
Prochlorococcus_sp_W12_genomic	5.631885	1.431378	2.208777	4.729648	1.156168	0.818538	0.236199	1.434215	2.082521	0.932027	0.989481	1.461169	3.321677	1.934985	1.481739	4.819021	2.145649	0.549002	0.919260	1.541321	1.190924	0.432676	0.216338	1.017853	0.396502	0.229815	0.194350	0.246838	1.576077	1.002958	0.969620	2.324394	2.159835	0.468142	0.971039	1.777519	0.983097	0.446862	0.256769	1.002248	0.983807	0.431258	0.456793	0.807899	1.202273	0.522758	0.561770	1.503018	4.157948	1.190924	1.518623	3.284084	1.937822	1.151203	0.439769	2.352057	1.949171	0.951888	1.140563	1.212203	4.148018	2.298859	2.292475	5.816304
